0 0 0
2 1 1
1 2 1
4 0 2
4 2 2
3 3 2
1 3 2
0 2 2
2 0 2
3 1 2
2 4 2
0 4 2
6 1 3
5 2 3
3 2 3
3 0 3
5 0 3
6 3 3
5 4 3
3 4 3
2 3 3
4 1 3
4 5 3
2 5 3
1 4 3
0 1 3
0 5 3
1 0 3
4 3 3
0 3 3
3 6 3
1 6 3
8 0 4
8 2 4
7 3 4
5 3 4
6 0 4
7 1 4
6 4 4
4 4 4
1 1 4
5 1 4
2 2 4
6 2 4
8 4 4
7 5 4
5 5 4
6 6 4
4 6 4
3 5 4
2 6 4
1 5 4
5 7 4
3 7 4
1 7 4
0 6 4
4 8 4
2 8 4
0 8 4
10 1 5
9 2 5
7 2 5
7 0 5
9 0 5
10 3 5
9 4 5
7 4 5
8 1 5
8 5 5
6 5 5
8 3 5
7 6 5
5 6 5
10 5 5
9 6 5
8 7 5
6 7 5
4 7 5
7 8 5
5 8 5
3 8 5
2 7 5
1 8 5
0 7 5
6 9 5
4 9 5
2 9 5
0 9 5
5 10 5
3 10 5
1 10 5
12 0 6
12 2 6
11 3 6
9 3 6
10 0 6
11 1 6
10 4 6
9 1 6
10 2 6
12 4 6
11 5 6
9 5 6
10 6 6
8 6 6
9 7 6
7 7 6
8 8 6
6 8 6
12 6 6
11 7 6
10 8 6
9 9 6
7 9 6
5 9 6
3 9 6
8 10 6
6 10 6
4 10 6
2 10 6
1 9 6
0 10 6
7 11 6
5 11 6
3 11 6
1 11 6
6 12 6
4 12 6
2 12 6
0 12 6
14 1 7
13 2 7
11 2 7
11 0 7
13 0 7
14 3 7
13 4 7
11 4 7
12 1 7
12 5 7
12 3 7
11 6 7
14 5 7
13 6 7
12 7 7
10 7 7
11 8 7
9 8 7
10 9 7
8 9 7
9 10 7
7 10 7
14 7 7
13 8 7
12 9 7
11 10 7
10 11 7
8 11 7
6 11 7
4 11 7
2 11 7
9 12 7
7 12 7
5 12 7
3 12 7
1 12 7
0 11 7
8 13 7
6 13 7
4 13 7
2 13 7
0 13 7
7 14 7
5 14 7
3 14 7
1 14 7
16 0 8
16 2 8
15 3 8
13 3 8
14 0 8
15 1 8
14 4 8
13 1 8
14 2 8
16 4 8
15 5 8
13 5 8
14 6 8
13 7 8
12 8 8
16 6 8
15 7 8
14 8 8
13 9 8
11 9 8
12 10 8
10 10 8
11 11 8
9 11 8
10 12 8
8 12 8
16 8 8
15 9 8
14 10 8
13 11 8
12 12 8
11 13 8
9 13 8
7 13 8
5 13 8
3 13 8
1 13 8
10 14 8
8 14 8
6 14 8
4 14 8
2 14 8
0 14 8
9 15 8
7 15 8
5 15 8
3 15 8
1 15 8
8 16 8
6 16 8
4 16 8
2 16 8
0 16 8
18 1 9
17 2 9
15 2 9
15 0 9
17 0 9
18 3 9
17 4 9
15 4 9
16 1 9
16 5 9
16 3 9
15 6 9
18 5 9
17 6 9
16 7 9
15 8 9
14 9 9
13 10 9
18 7 9
17 8 9
16 9 9
15 10 9
14 11 9
12 11 9
13 12 9
11 12 9
12 13 9
10 13 9
11 14 9
9 14 9
18 9 9
17 10 9
16 11 9
15 12 9
14 13 9
13 14 9
12 15 9
10 15 9
8 15 9
6 15 9
4 15 9
2 15 9
0 15 9
11 16 9
9 16 9
7 16 9
5 16 9
3 16 9
1 16 9
10 17 9
8 17 9
6 17 9
4 17 9
2 17 9
0 17 9
9 18 9
7 18 9
5 18 9
3 18 9
1 18 9
20 0 10
20 2 10
19 3 10
17 3 10
18 0 10
19 1 10
18 4 10
17 1 10
18 2 10
20 4 10
19 5 10
17 5 10
18 6 10
17 7 10
20 6 10
19 7 10
18 8 10
17 9 10
16 10 10
15 11 10
14 12 10
20 8 10
19 9 10
18 10 10
17 11 10
16 12 10
15 13 10
13 13 10
14 14 10
12 14 10
13 15 10
11 15 10
12 16 10
10 16 10
20 10 10
19 11 10
18 12 10
17 13 10
16 14 10
15 15 10
14 16 10
13 17 10
11 17 10
9 17 10
7 17 10
5 17 10
3 17 10
1 17 10
12 18 10
10 18 10
8 18 10
6 18 10
4 18 10
2 18 10
0 18 10
11 19 10
9 19 10
7 19 10
5 19 10
3 19 10
1 19 10
10 20 10
8 20 10
6 20 10
4 20 10
2 20 10
0 20 10
22 1 11
21 2 11
19 2 11
19 0 11
21 0 11
22 3 11
21 4 11
19 4 11
20 1 11
20 5 11
20 3 11
19 6 11
22 5 11
21 6 11
20 7 11
19 8 11
22 7 11
21 8 11
20 9 11
19 10 11
18 11 11
17 12 11
16 13 11
15 14 11
22 9 11
21 10 11
20 11 11
19 12 11
18 13 11
17 14 11
16 15 11
14 15 11
15 16 11
13 16 11
14 17 11
12 17 11
13 18 11
11 18 11
22 11 11
21 12 11
20 13 11
19 14 11
18 15 11
17 16 11
16 17 11
15 18 11
14 19 11
12 19 11
10 19 11
8 19 11
6 19 11
4 19 11
2 19 11
0 19 11
13 20 11
11 20 11
9 20 11
7 20 11
5 20 11
3 20 11
1 20 11
12 21 11
10 21 11
8 21 11
6 21 11
4 21 11
2 21 11
0 21 11
11 22 11
9 22 11
7 22 11
5 22 11
3 22 11
1 22 11
24 0 12
24 2 12
23 3 12
21 3 12
22 0 12
23 1 12
22 4 12
21 1 12
22 2 12
24 4 12
23 5 12
21 5 12
22 6 12
21 7 12
24 6 12
23 7 12
22 8 12
21 9 12
24 8 12
23 9 12
22 10 12
21 11 12
20 12 12
19 13 12
18 14 12
17 15 12
16 16 12
24 10 12
23 11 12
22 12 12
21 13 12
20 14 12
19 15 12
18 16 12
17 17 12
15 17 12
16 18 12
14 18 12
15 19 12
13 19 12
14 20 12
12 20 12
24 12 12
23 13 12
22 14 12
21 15 12
20 16 12
19 17 12
18 18 12
17 19 12
16 20 12
15 21 12
13 21 12
11 21 12
9 21 12
7 21 12
5 21 12
3 21 12
1 21 12
14 22 12
12 22 12
10 22 12
8 22 12
6 22 12
4 22 12
2 22 12
0 22 12
13 23 12
11 23 12
9 23 12
7 23 12
5 23 12
3 23 12
1 23 12
12 24 12
10 24 12
8 24 12
6 24 12
4 24 12
2 24 12
0 24 12
26 1 13
25 2 13
23 2 13
23 0 13
25 0 13
26 3 13
25 4 13
23 4 13
24 1 13
24 5 13
24 3 13
23 6 13
26 5 13
25 6 13
24 7 13
23 8 13
26 7 13
25 8 13
24 9 13
23 10 13
26 9 13
25 10 13
24 11 13
23 12 13
22 13 13
21 14 13
20 15 13
19 16 13
18 17 13
17 18 13
26 11 13
25 12 13
24 13 13
23 14 13
22 15 13
21 16 13
20 17 13
19 18 13
18 19 13
16 19 13
17 20 13
15 20 13
16 21 13
14 21 13
15 22 13
13 22 13
26 13 13
25 14 13
24 15 13
23 16 13
22 17 13
21 18 13
20 19 13
19 20 13
18 21 13
17 22 13
16 23 13
14 23 13
12 23 13
10 23 13
8 23 13
6 23 13
4 23 13
2 23 13
0 23 13
15 24 13
13 24 13
11 24 13
9 24 13
7 24 13
5 24 13
3 24 13
1 24 13
14 25 13
12 25 13
10 25 13
8 25 13
6 25 13
4 25 13
2 25 13
0 25 13
13 26 13
11 26 13
9 26 13
7 26 13
5 26 13
3 26 13
1 26 13
28 0 14
28 2 14
27 3 14
25 3 14
26 0 14
27 1 14
26 4 14
25 1 14
26 2 14
28 4 14
27 5 14
25 5 14
26 6 14
25 7 14
28 6 14
27 7 14
26 8 14
25 9 14
28 8 14
27 9 14
26 10 14
25 11 14
28 10 14
27 11 14
26 12 14
25 13 14
24 14 14
23 15 14
22 16 14
21 17 14
20 18 14
19 19 14
18 20 14
28 12 14
27 13 14
26 14 14
25 15 14
24 16 14
23 17 14
22 18 14
21 19 14
20 20 14
19 21 14
17 21 14
18 22 14
16 22 14
17 23 14
15 23 14
16 24 14
14 24 14
28 14 14
27 15 14
26 16 14
25 17 14
24 18 14
23 19 14
22 20 14
21 21 14
20 22 14
19 23 14
18 24 14
17 25 14
15 25 14
13 25 14
11 25 14
9 25 14
7 25 14
5 25 14
3 25 14
1 25 14
16 26 14
14 26 14
12 26 14
10 26 14
8 26 14
6 26 14
4 26 14
2 26 14
0 26 14
15 27 14
13 27 14
11 27 14
9 27 14
7 27 14
5 27 14
3 27 14
1 27 14
14 28 14
12 28 14
10 28 14
8 28 14
6 28 14
4 28 14
2 28 14
0 28 14
30 1 15
29 2 15
27 2 15
27 0 15
29 0 15
30 3 15
29 4 15
27 4 15
28 1 15
28 5 15
28 3 15
27 6 15
30 5 15
29 6 15
28 7 15
27 8 15
30 7 15
29 8 15
28 9 15
27 10 15
30 9 15
29 10 15
28 11 15
27 12 15
30 11 15
29 12 15
28 13 15
27 14 15
26 15 15
25 16 15
24 17 15
23 18 15
22 19 15
21 20 15
20 21 15
19 22 15
30 13 15
29 14 15
28 15 15
27 16 15
26 17 15
25 18 15
24 19 15
23 20 15
22 21 15
21 22 15
20 23 15
18 23 15
19 24 15
17 24 15
18 25 15
16 25 15
17 26 15
15 26 15
30 15 15
29 16 15
28 17 15
27 18 15
26 19 15
25 20 15
24 21 15
23 22 15
22 23 15
21 24 15
20 25 15
19 26 15
18 27 15
16 27 15
14 27 15
12 27 15
10 27 15
8 27 15
6 27 15
4 27 15
2 27 15
0 27 15
17 28 15
15 28 15
13 28 15
11 28 15
9 28 15
7 28 15
5 28 15
3 28 15
1 28 15
16 29 15
14 29 15
12 29 15
10 29 15
8 29 15
6 29 15
4 29 15
2 29 15
0 29 15
15 30 15
13 30 15
11 30 15
9 30 15
7 30 15
5 30 15
3 30 15
1 30 15
32 0 16
32 2 16
31 3 16
29 3 16
30 0 16
31 1 16
30 4 16
29 1 16
30 2 16
32 4 16
31 5 16
29 5 16
30 6 16
29 7 16
32 6 16
31 7 16
30 8 16
29 9 16
32 8 16
31 9 16
30 10 16
29 11 16
32 10 16
31 11 16
30 12 16
29 13 16
32 12 16
31 13 16
30 14 16
29 15 16
28 16 16
27 17 16
26 18 16
25 19 16
24 20 16
23 21 16
22 22 16
21 23 16
20 24 16
32 14 16
31 15 16
30 16 16
29 17 16
28 18 16
27 19 16
26 20 16
25 21 16
24 22 16
23 23 16
22 24 16
21 25 16
19 25 16
20 26 16
18 26 16
19 27 16
17 27 16
18 28 16
16 28 16
32 16 16
31 17 16
30 18 16
29 19 16
28 20 16
27 21 16
26 22 16
25 23 16
24 24 16
23 25 16
22 26 16
21 27 16
20 28 16
19 29 16
17 29 16
15 29 16
13 29 16
11 29 16
9 29 16
7 29 16
5 29 16
3 29 16
1 29 16
18 30 16
16 30 16
14 30 16
12 30 16
10 30 16
8 30 16
6 30 16
4 30 16
2 30 16
0 30 16
17 31 16
15 31 16
13 31 16
11 31 16
9 31 16
7 31 16
5 31 16
3 31 16
1 31 16
16 32 16
14 32 16
12 32 16
10 32 16
8 32 16
6 32 16
4 32 16
2 32 16
0 32 16
34 1 17
33 2 17
31 2 17
31 0 17
33 0 17
34 3 17
33 4 17
31 4 17
32 1 17
32 5 17
32 3 17
31 6 17
34 5 17
33 6 17
32 7 17
31 8 17
34 7 17
33 8 17
32 9 17
31 10 17
34 9 17
33 10 17
32 11 17
31 12 17
34 11 17
33 12 17
32 13 17
31 14 17
34 13 17
33 14 17
32 15 17
31 16 17
30 17 17
29 18 17
28 19 17
27 20 17
26 21 17
25 22 17
24 23 17
23 24 17
22 25 17
21 26 17
34 15 17
33 16 17
32 17 17
31 18 17
30 19 17
29 20 17
28 21 17
27 22 17
26 23 17
25 24 17
24 25 17
23 26 17
22 27 17
20 27 17
21 28 17
19 28 17
20 29 17
18 29 17
19 30 17
17 30 17
34 17 17
33 18 17
32 19 17
31 20 17
30 21 17
29 22 17
28 23 17
27 24 17
26 25 17
25 26 17
24 27 17
23 28 17
22 29 17
21 30 17
20 31 17
18 31 17
16 31 17
14 31 17
12 31 17
10 31 17
8 31 17
6 31 17
4 31 17
2 31 17
0 31 17
19 32 17
17 32 17
15 32 17
13 32 17
11 32 17
9 32 17
7 32 17
5 32 17
3 32 17
1 32 17
18 33 17
16 33 17
14 33 17
12 33 17
10 33 17
8 33 17
6 33 17
4 33 17
2 33 17
0 33 17
17 34 17
15 34 17
13 34 17
11 34 17
9 34 17
7 34 17
5 34 17
3 34 17
1 34 17
36 0 18
36 2 18
35 3 18
33 3 18
34 0 18
35 1 18
34 4 18
33 1 18
34 2 18
36 4 18
35 5 18
33 5 18
34 6 18
33 7 18
36 6 18
35 7 18
34 8 18
33 9 18
36 8 18
35 9 18
34 10 18
33 11 18
36 10 18
35 11 18
34 12 18
33 13 18
36 12 18
35 13 18
34 14 18
33 15 18
36 14 18
35 15 18
34 16 18
33 17 18
32 18 18
31 19 18
30 20 18
29 21 18
28 22 18
27 23 18
26 24 18
25 25 18
24 26 18
23 27 18
22 28 18
36 16 18
35 17 18
34 18 18
33 19 18
32 20 18
31 21 18
30 22 18
29 23 18
28 24 18
27 25 18
26 26 18
25 27 18
24 28 18
23 29 18
21 29 18
22 30 18
20 30 18
21 31 18
19 31 18
20 32 18
18 32 18
36 18 18
35 19 18
34 20 18
33 21 18
32 22 18
31 23 18
30 24 18
29 25 18
28 26 18
27 27 18
26 28 18
25 29 18
24 30 18
23 31 18
22 32 18
21 33 18
19 33 18
17 33 18
15 33 18
13 33 18
11 33 18
9 33 18
7 33 18
5 33 18
3 33 18
1 33 18
20 34 18
18 34 18
16 34 18
14 34 18
12 34 18
10 34 18
8 34 18
6 34 18
4 34 18
2 34 18
0 34 18
19 35 18
17 35 18
15 35 18
13 35 18
11 35 18
9 35 18
7 35 18
5 35 18
3 35 18
1 35 18
18 36 18
16 36 18
14 36 18
12 36 18
10 36 18
8 36 18
6 36 18
4 36 18
2 36 18
0 36 18
38 1 19
37 2 19
35 2 19
35 0 19
37 0 19
38 3 19
37 4 19
35 4 19
36 1 19
36 5 19
36 3 19
35 6 19
38 5 19
37 6 19
36 7 19
35 8 19
38 7 19
37 8 19
36 9 19
35 10 19
38 9 19
37 10 19
36 11 19
35 12 19
38 11 19
37 12 19
36 13 19
35 14 19
38 13 19
37 14 19
36 15 19
35 16 19
38 15 19
37 16 19
36 17 19
35 18 19
34 19 19
33 20 19
32 21 19
31 22 19
30 23 19
29 24 19
28 25 19
27 26 19
26 27 19
25 28 19
24 29 19
23 30 19
38 17 19
37 18 19
36 19 19
35 20 19
34 21 19
33 22 19
32 23 19
31 24 19
30 25 19
29 26 19
28 27 19
27 28 19
26 29 19
25 30 19
24 31 19
22 31 19
23 32 19
21 32 19
22 33 19
20 33 19
21 34 19
19 34 19
38 19 19
37 20 19
36 21 19
35 22 19
34 23 19
33 24 19
32 25 19
31 26 19
30 27 19
29 28 19
28 29 19
27 30 19
26 31 19
25 32 19
24 33 19
23 34 19
22 35 19
20 35 19
18 35 19
16 35 19
14 35 19
12 35 19
10 35 19
8 35 19
6 35 19
4 35 19
2 35 19
0 35 19
21 36 19
19 36 19
17 36 19
15 36 19
13 36 19
11 36 19
9 36 19
7 36 19
5 36 19
3 36 19
1 36 19
20 37 19
18 37 19
16 37 19
14 37 19
12 37 19
10 37 19
8 37 19
6 37 19
4 37 19
2 37 19
0 37 19
19 38 19
17 38 19
15 38 19
13 38 19
11 38 19
9 38 19
7 38 19
5 38 19
3 38 19
1 38 19
40 0 20
40 2 20
39 3 20
37 3 20
38 0 20
39 1 20
38 4 20
37 1 20
38 2 20
40 4 20
39 5 20
37 5 20
38 6 20
37 7 20
40 6 20
39 7 20
38 8 20
37 9 20
40 8 20
39 9 20
38 10 20
37 11 20
40 10 20
39 11 20
38 12 20
37 13 20
40 12 20
39 13 20
38 14 20
37 15 20
40 14 20
39 15 20
38 16 20
37 17 20
40 16 20
39 17 20
38 18 20
37 19 20
36 20 20
35 21 20
34 22 20
33 23 20
32 24 20
31 25 20
30 26 20
29 27 20
28 28 20
27 29 20
26 30 20
25 31 20
24 32 20
40 18 20
39 19 20
38 20 20
37 21 20
36 22 20
35 23 20
34 24 20
33 25 20
32 26 20
31 27 20
30 28 20
29 29 20
28 30 20
27 31 20
26 32 20
25 33 20
23 33 20
24 34 20
22 34 20
23 35 20
21 35 20
22 36 20
20 36 20
40 20 20
39 21 20
38 22 20
37 23 20
36 24 20
35 25 20
34 26 20
33 27 20
32 28 20
31 29 20
30 30 20
29 31 20
28 32 20
27 33 20
26 34 20
25 35 20
24 36 20
23 37 20
21 37 20
19 37 20
17 37 20
15 37 20
13 37 20
11 37 20
9 37 20
7 37 20
5 37 20
3 37 20
1 37 20
22 38 20
20 38 20
18 38 20
16 38 20
14 38 20
12 38 20
10 38 20
8 38 20
6 38 20
4 38 20
2 38 20
0 38 20
21 39 20
19 39 20
17 39 20
15 39 20
13 39 20
11 39 20
9 39 20
7 39 20
5 39 20
3 39 20
1 39 20
20 40 20
18 40 20
16 40 20
14 40 20
12 40 20
10 40 20
8 40 20
6 40 20
4 40 20
2 40 20
0 40 20
42 1 21
41 2 21
39 2 21
39 0 21
41 0 21
42 3 21
41 4 21
39 4 21
40 1 21
40 5 21
40 3 21
39 6 21
42 5 21
41 6 21
40 7 21
39 8 21
42 7 21
41 8 21
40 9 21
39 10 21
42 9 21
41 10 21
40 11 21
39 12 21
42 11 21
41 12 21
40 13 21
39 14 21
42 13 21
41 14 21
40 15 21
39 16 21
42 15 21
41 16 21
40 17 21
39 18 21
42 17 21
41 18 21
40 19 21
39 20 21
38 21 21
37 22 21
36 23 21
35 24 21
34 25 21
33 26 21
32 27 21
31 28 21
30 29 21
29 30 21
28 31 21
27 32 21
26 33 21
25 34 21
42 19 21
41 20 21
40 21 21
39 22 21
38 23 21
37 24 21
36 25 21
35 26 21
34 27 21
33 28 21
32 29 21
31 30 21
30 31 21
29 32 21
28 33 21
27 34 21
26 35 21
24 35 21
25 36 21
23 36 21
24 37 21
22 37 21
23 38 21
21 38 21
42 21 21
41 22 21
40 23 21
39 24 21
38 25 21
37 26 21
36 27 21
35 28 21
34 29 21
33 30 21
32 31 21
31 32 21
30 33 21
29 34 21
28 35 21
27 36 21
26 37 21
25 38 21
24 39 21
22 39 21
20 39 21
18 39 21
16 39 21
14 39 21
12 39 21
10 39 21
8 39 21
6 39 21
4 39 21
2 39 21
0 39 21
23 40 21
21 40 21
19 40 21
17 40 21
15 40 21
13 40 21
11 40 21
9 40 21
7 40 21
5 40 21
3 40 21
1 40 21
22 41 21
20 41 21
18 41 21
16 41 21
14 41 21
12 41 21
10 41 21
8 41 21
6 41 21
4 41 21
2 41 21
0 41 21
21 42 21
19 42 21
17 42 21
15 42 21
13 42 21
11 42 21
9 42 21
7 42 21
5 42 21
3 42 21
1 42 21
44 0 22
44 2 22
43 3 22
41 3 22
42 0 22
43 1 22
42 4 22
41 1 22
42 2 22
44 4 22
43 5 22
41 5 22
42 6 22
41 7 22
44 6 22
43 7 22
42 8 22
41 9 22
44 8 22
43 9 22
42 10 22
41 11 22
44 10 22
43 11 22
42 12 22
41 13 22
44 12 22
43 13 22
42 14 22
41 15 22
44 14 22
43 15 22
42 16 22
41 17 22
44 16 22
43 17 22
42 18 22
41 19 22
44 18 22
43 19 22
42 20 22
41 21 22
40 22 22
39 23 22
38 24 22
37 25 22
36 26 22
35 27 22
34 28 22
33 29 22
32 30 22
31 31 22
30 32 22
29 33 22
28 34 22
27 35 22
26 36 22
44 20 22
43 21 22
42 22 22
41 23 22
40 24 22
39 25 22
38 26 22
37 27 22
36 28 22
35 29 22
34 30 22
33 31 22
32 32 22
31 33 22
30 34 22
29 35 22
28 36 22
27 37 22
25 37 22
26 38 22
24 38 22
25 39 22
23 39 22
24 40 22
22 40 22
44 22 22
43 23 22
42 24 22
41 25 22
40 26 22
39 27 22
38 28 22
37 29 22
36 30 22
35 31 22
34 32 22
33 33 22
32 34 22
31 35 22
30 36 22
29 37 22
28 38 22
27 39 22
26 40 22
25 41 22
23 41 22
21 41 22
19 41 22
17 41 22
15 41 22
13 41 22
11 41 22
9 41 22
7 41 22
5 41 22
3 41 22
1 41 22
24 42 22
22 42 22
20 42 22
18 42 22
16 42 22
14 42 22
12 42 22
10 42 22
8 42 22
6 42 22
4 42 22
2 42 22
0 42 22
23 43 22
21 43 22
19 43 22
17 43 22
15 43 22
13 43 22
11 43 22
9 43 22
7 43 22
5 43 22
3 43 22
1 43 22
22 44 22
20 44 22
18 44 22
16 44 22
14 44 22
12 44 22
10 44 22
8 44 22
6 44 22
4 44 22
2 44 22
0 44 22
46 1 23
45 2 23
43 2 23
43 0 23
45 0 23
46 3 23
45 4 23
43 4 23
44 1 23
44 5 23
44 3 23
43 6 23
46 5 23
45 6 23
44 7 23
43 8 23
46 7 23
45 8 23
44 9 23
43 10 23
46 9 23
45 10 23
44 11 23
43 12 23
46 11 23
45 12 23
44 13 23
43 14 23
46 13 23
45 14 23
44 15 23
43 16 23
46 15 23
45 16 23
44 17 23
43 18 23
46 17 23
45 18 23
44 19 23
43 20 23
46 19 23
45 20 23
44 21 23
43 22 23
42 23 23
41 24 23
40 25 23
39 26 23
38 27 23
37 28 23
36 29 23
35 30 23
34 31 23
33 32 23
32 33 23
31 34 23
30 35 23
29 36 23
28 37 23
27 38 23
46 21 23
45 22 23
44 23 23
43 24 23
42 25 23
41 26 23
40 27 23
39 28 23
38 29 23
37 30 23
36 31 23
35 32 23
34 33 23
33 34 23
32 35 23
31 36 23
30 37 23
29 38 23
28 39 23
26 39 23
27 40 23
25 40 23
26 41 23
24 41 23
25 42 23
23 42 23
46 23 23
45 24 23
44 25 23
43 26 23
42 27 23
41 28 23
40 29 23
39 30 23
38 31 23
37 32 23
36 33 23
35 34 23
34 35 23
33 36 23
32 37 23
31 38 23
30 39 23
29 40 23
28 41 23
27 42 23
26 43 23
24 43 23
22 43 23
20 43 23
18 43 23
16 43 23
14 43 23
12 43 23
10 43 23
8 43 23
6 43 23
4 43 23
2 43 23
0 43 23
25 44 23
23 44 23
21 44 23
19 44 23
17 44 23
15 44 23
13 44 23
11 44 23
9 44 23
7 44 23
5 44 23
3 44 23
1 44 23
24 45 23
22 45 23
20 45 23
18 45 23
16 45 23
14 45 23
12 45 23
10 45 23
8 45 23
6 45 23
4 45 23
2 45 23
0 45 23
23 46 23
21 46 23
19 46 23
17 46 23
15 46 23
13 46 23
11 46 23
9 46 23
7 46 23
5 46 23
3 46 23
1 46 23
48 0 24
48 2 24
47 3 24
45 3 24
46 0 24
47 1 24
46 4 24
45 1 24
46 2 24
48 4 24
47 5 24
45 5 24
46 6 24
45 7 24
48 6 24
47 7 24
46 8 24
45 9 24
48 8 24
47 9 24
46 10 24
45 11 24
48 10 24
47 11 24
46 12 24
45 13 24
48 12 24
47 13 24
46 14 24
45 15 24
48 14 24
47 15 24
46 16 24
45 17 24
48 16 24
47 17 24
46 18 24
45 19 24
48 18 24
47 19 24
46 20 24
45 21 24
48 20 24
47 21 24
46 22 24
45 23 24
44 24 24
43 25 24
42 26 24
41 27 24
40 28 24
39 29 24
38 30 24
37 31 24
36 32 24
35 33 24
34 34 24
33 35 24
32 36 24
31 37 24
30 38 24
29 39 24
28 40 24
48 22 24
47 23 24
46 24 24
45 25 24
44 26 24
43 27 24
42 28 24
41 29 24
40 30 24
39 31 24
38 32 24
37 33 24
36 34 24
35 35 24
34 36 24
33 37 24
32 38 24
31 39 24
30 40 24
29 41 24
27 41 24
28 42 24
26 42 24
27 43 24
25 43 24
26 44 24
24 44 24
48 24 24
47 25 24
46 26 24
45 27 24
44 28 24
43 29 24
42 30 24
41 31 24
40 32 24
39 33 24
38 34 24
37 35 24
36 36 24
35 37 24
34 38 24
33 39 24
32 40 24
31 41 24
30 42 24
29 43 24
28 44 24
27 45 24
25 45 24
23 45 24
21 45 24
19 45 24
17 45 24
15 45 24
13 45 24
11 45 24
9 45 24
7 45 24
5 45 24
3 45 24
1 45 24
26 46 24
24 46 24
22 46 24
20 46 24
18 46 24
16 46 24
14 46 24
12 46 24
10 46 24
8 46 24
6 46 24
4 46 24
2 46 24
0 46 24
25 47 24
23 47 24
21 47 24
19 47 24
17 47 24
15 47 24
13 47 24
11 47 24
9 47 24
7 47 24
5 47 24
3 47 24
1 47 24
24 48 24
22 48 24
20 48 24
18 48 24
16 48 24
14 48 24
12 48 24
10 48 24
8 48 24
6 48 24
4 48 24
2 48 24
0 48 24
50 1 25
49 2 25
47 2 25
47 0 25
49 0 25
50 3 25
49 4 25
47 4 25
48 1 25
48 5 25
48 3 25
47 6 25
50 5 25
49 6 25
48 7 25
47 8 25
50 7 25
49 8 25
48 9 25
47 10 25
50 9 25
49 10 25
48 11 25
47 12 25
50 11 25
49 12 25
48 13 25
47 14 25
50 13 25
49 14 25
48 15 25
47 16 25
50 15 25
49 16 25
48 17 25
47 18 25
50 17 25
49 18 25
48 19 25
47 20 25
50 19 25
49 20 25
48 21 25
47 22 25
50 21 25
49 22 25
48 23 25
47 24 25
46 25 25
45 26 25
44 27 25
43 28 25
42 29 25
41 30 25
40 31 25
39 32 25
38 33 25
37 34 25
36 35 25
35 36 25
34 37 25
33 38 25
32 39 25
31 40 25
30 41 25
29 42 25
50 23 25
49 24 25
48 25 25
47 26 25
46 27 25
45 28 25
44 29 25
43 30 25
42 31 25
41 32 25
40 33 25
39 34 25
38 35 25
37 36 25
36 37 25
35 38 25
34 39 25
33 40 25
32 41 25
31 42 25
30 43 25
28 43 25
29 44 25
27 44 25
28 45 25
26 45 25
27 46 25
25 46 25
50 25 25
49 26 25
48 27 25
47 28 25
46 29 25
45 30 25
44 31 25
43 32 25
42 33 25
41 34 25
40 35 25
39 36 25
38 37 25
37 38 25
36 39 25
35 40 25
34 41 25
33 42 25
32 43 25
31 44 25
30 45 25
29 46 25
28 47 25
26 47 25
24 47 25
22 47 25
20 47 25
18 47 25
16 47 25
14 47 25
12 47 25
10 47 25
8 47 25
6 47 25
4 47 25
2 47 25
0 47 25
27 48 25
25 48 25
23 48 25
21 48 25
19 48 25
17 48 25
15 48 25
13 48 25
11 48 25
9 48 25
7 48 25
5 48 25
3 48 25
1 48 25
26 49 25
24 49 25
22 49 25
20 49 25
18 49 25
16 49 25
14 49 25
12 49 25
10 49 25
8 49 25
6 49 25
4 49 25
2 49 25
0 49 25
25 50 25
23 50 25
21 50 25
19 50 25
17 50 25
15 50 25
13 50 25
11 50 25
9 50 25
7 50 25
5 50 25
3 50 25
1 50 25
52 0 26
52 2 26
51 3 26
49 3 26
50 0 26
51 1 26
50 4 26
49 1 26
50 2 26
52 4 26
51 5 26
49 5 26
50 6 26
49 7 26
52 6 26
51 7 26
50 8 26
49 9 26
52 8 26
51 9 26
50 10 26
49 11 26
52 10 26
51 11 26
50 12 26
49 13 26
52 12 26
51 13 26
50 14 26
49 15 26
52 14 26
51 15 26
50 16 26
49 17 26
52 16 26
51 17 26
50 18 26
49 19 26
52 18 26
51 19 26
50 20 26
49 21 26
52 20 26
51 21 26
50 22 26
49 23 26
52 22 26
51 23 26
50 24 26
49 25 26
48 26 26
47 27 26
46 28 26
45 29 26
44 30 26
43 31 26
42 32 26
41 33 26
40 34 26
39 35 26
38 36 26
37 37 26
36 38 26
35 39 26
34 40 26
33 41 26
32 42 26
31 43 26
30 44 26
52 24 26
51 25 26
50 26 26
49 27 26
48 28 26
47 29 26
46 30 26
45 31 26
44 32 26
43 33 26
42 34 26
41 35 26
40 36 26
39 37 26
38 38 26
37 39 26
36 40 26
35 41 26
34 42 26
33 43 26
32 44 26
31 45 26
29 45 26
30 46 26
28 46 26
29 47 26
27 47 26
28 48 26
26 48 26
52 26 26
51 27 26
50 28 26
49 29 26
48 30 26
47 31 26
46 32 26
45 33 26
44 34 26
43 35 26
42 36 26
41 37 26
40 38 26
39 39 26
38 40 26
37 41 26
36 42 26
35 43 26
34 44 26
33 45 26
32 46 26
31 47 26
30 48 26
29 49 26
27 49 26
25 49 26
23 49 26
21 49 26
19 49 26
17 49 26
15 49 26
13 49 26
11 49 26
9 49 26
7 49 26
5 49 26
3 49 26
1 49 26
28 50 26
26 50 26
24 50 26
22 50 26
20 50 26
18 50 26
16 50 26
14 50 26
12 50 26
10 50 26
8 50 26
6 50 26
4 50 26
2 50 26
0 50 26
27 51 26
25 51 26
23 51 26
21 51 26
19 51 26
17 51 26
15 51 26
13 51 26
11 51 26
9 51 26
7 51 26
5 51 26
3 51 26
1 51 26
26 52 26
24 52 26
22 52 26
20 52 26
18 52 26
16 52 26
14 52 26
12 52 26
10 52 26
8 52 26
6 52 26
4 52 26
2 52 26
0 52 26
54 1 27
53 2 27
51 2 27
51 0 27
53 0 27
54 3 27
53 4 27
51 4 27
52 1 27
52 5 27
52 3 27
51 6 27
54 5 27
53 6 27
52 7 27
51 8 27
54 7 27
53 8 27
52 9 27
51 10 27
54 9 27
53 10 27
52 11 27
51 12 27
54 11 27
53 12 27
52 13 27
51 14 27
54 13 27
53 14 27
52 15 27
51 16 27
54 15 27
53 16 27
52 17 27
51 18 27
54 17 27
53 18 27
52 19 27
51 20 27
54 19 27
53 20 27
52 21 27
51 22 27
54 21 27
53 22 27
52 23 27
51 24 27
54 23 27
53 24 27
52 25 27
51 26 27
50 27 27
49 28 27
48 29 27
47 30 27
46 31 27
45 32 27
44 33 27
43 34 27
42 35 27
41 36 27
40 37 27
39 38 27
38 39 27
37 40 27
36 41 27
35 42 27
34 43 27
33 44 27
32 45 27
31 46 27
54 25 27
53 26 27
52 27 27
51 28 27
50 29 27
49 30 27
48 31 27
47 32 27
46 33 27
45 34 27
44 35 27
43 36 27
42 37 27
41 38 27
40 39 27
39 40 27
38 41 27
37 42 27
36 43 27
35 44 27
34 45 27
33 46 27
32 47 27
30 47 27
31 48 27
29 48 27
30 49 27
28 49 27
29 50 27
27 50 27
54 27 27
53 28 27
52 29 27
51 30 27
50 31 27
49 32 27
48 33 27
47 34 27
46 35 27
45 36 27
44 37 27
43 38 27
42 39 27
41 40 27
40 41 27
39 42 27
38 43 27
37 44 27
36 45 27
35 46 27
34 47 27
33 48 27
32 49 27
31 50 27
30 51 27
28 51 27
26 51 27
24 51 27
22 51 27
20 51 27
18 51 27
16 51 27
14 51 27
12 51 27
10 51 27
8 51 27
6 51 27
4 51 27
2 51 27
0 51 27
29 52 27
27 52 27
25 52 27
23 52 27
21 52 27
19 52 27
17 52 27
15 52 27
13 52 27
11 52 27
9 52 27
7 52 27
5 52 27
3 52 27
1 52 27
28 53 27
26 53 27
24 53 27
22 53 27
20 53 27
18 53 27
16 53 27
14 53 27
12 53 27
10 53 27
8 53 27
6 53 27
4 53 27
2 53 27
0 53 27
27 54 27
25 54 27
23 54 27
21 54 27
19 54 27
17 54 27
15 54 27
13 54 27
11 54 27
9 54 27
7 54 27
5 54 27
3 54 27
1 54 27
56 0 28
56 2 28
55 3 28
53 3 28
54 0 28
55 1 28
54 4 28
53 1 28
54 2 28
56 4 28
55 5 28
53 5 28
54 6 28
53 7 28
56 6 28
55 7 28
54 8 28
53 9 28
56 8 28
55 9 28
54 10 28
53 11 28
56 10 28
55 11 28
54 12 28
53 13 28
56 12 28
55 13 28
54 14 28
53 15 28
56 14 28
55 15 28
54 16 28
53 17 28
56 16 28
55 17 28
54 18 28
53 19 28
56 18 28
55 19 28
54 20 28
53 21 28
56 20 28
55 21 28
54 22 28
53 23 28
56 22 28
55 23 28
54 24 28
53 25 28
56 24 28
55 25 28
54 26 28
53 27 28
52 28 28
51 29 28
50 30 28
49 31 28
48 32 28
47 33 28
46 34 28
45 35 28
44 36 28
43 37 28
42 38 28
41 39 28
40 40 28
39 41 28
38 42 28
37 43 28
36 44 28
35 45 28
34 46 28
33 47 28
32 48 28
56 26 28
55 27 28
54 28 28
53 29 28
52 30 28
51 31 28
50 32 28
49 33 28
48 34 28
47 35 28
46 36 28
45 37 28
44 38 28
43 39 28
42 40 28
41 41 28
40 42 28
39 43 28
38 44 28
37 45 28
36 46 28
35 47 28
34 48 28
33 49 28
31 49 28
32 50 28
30 50 28
